 |-Fertilizer|       1       2       3       4       5       6       7       8       9
    # Name          FN      FP      FK     FNO     FPO    FNH3     FOC    FSLT    FCST
    1 Manure     0.002   0.007   0.000   0.022   0.004   0.972   0.420   0.000   0.000
    2 B-FRESH    0.014   0.008   0.000   0.026   0.004   0.990   0.350   0.000   0.012
    3 B-FDLT-S   0.001   0.003   0.000   0.009   0.002   0.990   0.350   0.000   0.012
    4 B-FDLT-P   0.030   0.004   0.000   0.020   0.002   0.990   0.350   0.000   0.009
    5 B-FRESH2   0.024   0.008   0.000   0.010   0.004   0.990   0.350   0.000   0.000
    6 D-FRESH    0.012   0.004   0.000   0.021   0.002   0.990   0.350   0.000   0.012
    7 D-SO-MNU   0.002   0.007   0.000   0.022   0.004   0.972   0.420   0.000   0.000
    8 D-1-LAGE   0.700   0.150   0.000   0.080   0.070   0.900   0.350   0.000   0.012
    9 D-SO-LGN   0.049   0.082   0.000   0.648   0.221   0.972   0.350   0.000   0.012
   10 D-LQ-LGN   0.566   0.090   0.000   0.102   0.242   0.987   0.350   0.000   0.012
   11 goat-fsh   0.019   0.010   0.000   0.038   0.005   0.990   0.350   0.000   0.012
   12 hog-frsh   0.021   0.016   0.000   0.040   0.007   0.990   0.350   0.000   0.012
   13 horse-fs   0.013   0.006   0.000   0.023   0.003   0.990   0.350   0.000   0.012
   14 P-DPIT-B   0.010   0.010   0.000   0.010   0.007   0.990   0.350   0.000   0.000
   15 P-DPIT-L   0.010   0.010   0.000   0.010   0.007   0.990   0.350   0.000   0.012
   16 P-FRSH-B   0.006   0.010   0.000   0.054   0.007   0.990   0.350   0.000   0.012
   17 P-FRSH-D   0.003   0.005   0.000   0.027   0.002   0.990   0.350   0.000   0.012
   18 P-FRSH-G   0.003   0.010   0.000   0.027   0.006   0.990   0.350   0.000   0.012
   19 P-FRSH-L   0.005   0.010   0.000   0.045   0.007   0.990   0.350   0.000   0.012
   20 P-FRSH-P   0.003   0.010   0.000   0.027   0.005   0.990   0.350   0.000   0.012
   21 P-FRSH-T   0.006   0.010   0.000   0.054   0.007   0.990   0.350   0.000   0.012
   22 P-LIQ-B    0.004   0.010   0.000   0.040   0.007   0.990   0.350   0.000   0.012
   23 P-LIQ-L    0.004   0.010   0.000   0.040   0.007   0.990   0.350   0.000   0.012
   24 P-MPIT-B   0.020   0.010   0.000   0.020   0.007   0.990   0.350   0.000   0.012
   25 P-MPIT-L   0.020   0.010   0.000   0.020   0.007   0.990   0.350   0.000   0.012
   26 sheep-fs   0.018   0.007   0.000   0.035   0.003   0.990   0.350   0.000   0.012
   27 veal-fsh   1.000   1.000   1.000   1.000   1.000   1.000   1.000   0.000   0.100
   28 RIESEL01   0.003   0.002   0.000   0.043   0.041   0.850   0.560   0.000   0.000
   29 RIESEL02   0.005   0.001   0.000   0.029   0.037   0.820   0.350   0.000   0.000
   30 RIESEL03   0.007   0.001   0.000   0.041   0.023   0.947   0.300   0.000   0.000
   31 11-46-00   0.110   0.201   0.000   0.000   0.000   0.000   0.000   0.000   0.325
   32 14-46-00   0.140   0.201   0.000   0.000   0.000   0.000   0.000   0.000   0.298
   33 16-00-00   0.160   0.000   0.000   0.000   0.000   0.000   0.000   0.000   0.261
   34 16-20-00   0.160   0.088   0.000   0.000   0.000   0.000   0.000   0.000   0.276
   35 16-20-00   0.160   0.088   0.000   0.000   0.000   0.000   0.000   0.000   0.276
   36 18-18-00   0.180   0.079   0.000   0.000   0.000   0.000   0.000   0.000   0.177
   37 18-46-00   0.180   0.200   0.000   0.000   0.000   0.000   0.000   0.000   0.273
   38 19-00-00   0.190   0.000   0.000   0.000   0.000   0.000   0.000   0.000   0.098
   39 20-00-00   0.200   0.000   0.000   0.000   0.000   0.000   0.000   0.000   0.300
   40 20-00-00   0.200   0.000   0.000   0.000   0.000   0.000   0.000   0.000   0.205
   41 20-00-00   0.200   0.000   0.000   0.000   0.000   0.000   0.000   0.000   0.158
   42 20-10-10   0.200   0.044   0.083   0.000   0.000   0.000   0.000   0.000   0.223
   43 21-00-00   0.210   0.000   0.000   0.000   0.000   0.000   0.000   0.000   0.254
   44 22-00-00   0.220   0.000   0.000   0.000   0.000   0.000   0.000   0.000   0.155
   45 23-00-00   0.230   0.000   0.000   0.000   0.000   0.000   0.000   0.000   0.173
   46 26-00-00   0.260   0.000   0.000   0.000   0.000   0.000   0.000   0.000   0.154
   47 28-00-00   0.280   0.000   0.000   0.000   0.000   0.000   0.000   0.000   0.362
   48 28-00-00   0.280   0.000   0.000   0.000   0.000   0.000   0.000   0.000   0.166
   49 28-00-00   0.280   0.000   0.000   0.000   0.000   0.000   0.000   0.000   0.150
   50 28-10-10   0.280   0.100   0.083   0.000   0.000   0.000   0.000   0.000   0.269
   51 28-14-00   0.280   0.061   0.000   0.000   0.000   0.000   0.000   0.000   0.260
   52 30-00-00   0.300   0.000   0.000   0.000   0.000   0.000   0.000   0.000   0.240
   53 Elem-N     1.000   0.000   0.000   0.000   0.000   0.000   0.000   0.000   0.237
   54 Elem-P     0.000   1.000   0.000   0.000   0.000   0.000   0.000   0.000   0.576
   55 Elem-K     0.000   0.000   1.000   0.000   0.000   0.000   0.000   0.000   0.001
   56 32-00-00   0.320   0.000   0.000   0.000   0.000   0.000   0.000   0.000   0.248
   57 32-02-10   0.320   0.009   0.083   0.000   0.000   0.000   0.000   0.000   0.248
   58 33-00-00   0.330   0.000   0.000   0.000   0.000   0.000   0.000   0.000   0.219
   59 34-00-00   0.340   0.000   0.000   0.000   0.000   0.000   0.000   0.000   0.288
   60 34-00-00   0.340   0.000   0.000   0.000   0.000   0.000   0.000   0.000   0.291
   61 39-00-00   0.390   0.000   0.000   0.000   0.000   0.000   0.000   0.000   0.371
   62 39-00-00   0.390   0.000   0.000   0.000   0.000   0.000   0.000   0.000   0.442
   63 45-00-00   0.450   0.000   0.000   0.000   0.000   0.000   0.000   0.000   0.301
   64 46-00-00   0.460   0.000   0.000   0.000   0.000   0.000   0.000   0.000   0.314
   65 46-00-00   0.460   0.000   0.000   0.000   0.000   0.000   0.000   0.000   0.366
   66 46-00-00   0.460   0.000   0.000   0.000   0.000   0.000   0.000   0.000   0.324
   67 82-00-00   0.820   0.000   0.000   0.000   0.000   0.990   0.000   0.000   0.281
   68 82-00-00   0.820   0.000   0.000   0.000   0.000   0.000   0.000   0.000   0.447
   69 DAP        0.180   0.460   0.000   0.000   0.000   0.990   0.000   0.000   0.000
   70 DSMGAS     0.002   0.007   0.000   0.022   0.004   0.972   0.350   0.000   0.000
   71 D-SO-MNU   0.002   0.007   0.000   0.022   0.004   0.972   0.350   0.000   0.000
   72 D-LIQ      0.003   0.001   0.000   0.001   0.001   0.987   0.350   0.000   0.000
   73 12-0026    0.120   0.000   0.000   0.000   0.000   0.000   0.000   0.260   0.000
   74 0-0-60     0.000   0.000   0.000   0.600   0.000   0.000   0.000   0.000   0.000
   75 MAP        0.110   0.480   0.000   0.000   0.000   0.000   0.000   0.000   0.000
   76 10-34-00   0.100   0.340   0.000   0.000   0.000   0.000   0.000   0.000   0.000
