   4  13  17  24  25  26  27  38  37  39  40  47  48  49 143 


   
                                                                                
  38  39  40  49                                                                
                  
   4  11  17  26  27  30  31  37  38  39  40  47  48  49  71  72  83  84 117 
                  
   4   5   6  18  10  11 120  16  71  13  15  72 117  14   1   2  59   3  27  31
  53  54  55  56  57  43  42  37 119  38  49 118  39  80                        
   0   0   0   0   0   0   1   1   0   1   0   0   0   0   1   0   0   0   0   0 
   0   0   0   0   0   0   0   0   0   0   0   0   0   0   0   0   0   0                    
                                       0                                        


